2 10.082996 51.1616 100
3 9.288563 46.8882 100
4 9.330103 46.1498 100
5 9.057304 44.6562 100
6 8.924142 44.0638 100
7 8.786622 43.4139 100
8 8.750267 43.3913 100
9 8.550269 42.3461 100
10 8.586759 42.9104 100
20 8.277727 41.3553 100
30 8.182457 40.8938 100
40 8.087066 40.4103 100
50 8.073158 40.2728 100
60 8.148268 40.526 100
70 8.074676 40.1014 100
80 8.044816 39.9524 100
90 8.001802 39.8691 100
100 7.956732 39.6128 100
110 7.991206 39.7739 100
120 7.911043 39.4931 100
130 7.909370 39.5043 100
140 7.862598 39.2422 100
150 7.885672 39.3851 100
160 7.941734 39.6907 100
170 7.785237 38.8745 100
180 7.852503 39.2219 100
190 7.932371 39.6151 100
200 7.879643 39.3645 100
300 7.812709 38.9974 100
400 7.948802 39.4605 100
500 7.923487 39.4465 100
600 7.732122 38.5707 100
700 7.687045 38.3844 100
800 7.757320 38.774 100
900 7.928154 39.5819 100
1000 7.722277 38.542 100
2000 7.756254 38.7301 100
3000 7.627793 38.1594 100
4000 7.909558 39.4989 100
5000 7.828978 39.1166 100
6000 7.886226 39.3797 100
7000 7.871953 39.3028 100
8000 7.852581 39.2072 100
9000 7.817267 39.0339 100
10000 7.881958 39.3468 100
20000 7.776351 38.9882 100
