2 20.821478 68.3273 100
3 18.934451 61.6124 100
4 19.256708 60.8314 100
5 18.986949 60.1765 100
6 18.840988 59.2161 100
7 18.612169 58.6247 100
8 18.354176 57.6466 100
9 18.532750 58.3569 100
10 18.296544 57.7926 100
20 17.639724 56.2087 100
30 17.656077 56.6488 100
40 17.470253 56.0208 100
50 17.572963 56.1349 100
60 17.449782 55.7551 100
70 17.589755 56.275 100
80 17.584706 55.9746 100
90 17.721042 56.3888 100
100 17.772924 56.4379 100
110 17.681003 56.263 100
120 17.342979 55.3305 100
130 17.485542 55.7639 100
140 17.446881 55.5394 100
150 17.571808 56.0516 100
160 17.396166 55.597 100
170 17.410292 55.6681 100
180 17.321567 55.3645 100
190 17.413970 55.6353 100
200 17.525660 56.042 100
300 17.311858 55.3478 100
400 17.351578 55.4477 100
500 17.319435 55.3154 100
600 17.321105 55.3857 100
700 17.293348 55.3571 100
800 17.221601 55.1714 100
900 17.158369 55.0206 100
1000 17.248140 55.295 100
2000 17.225781 55.217 100
3000 17.248130 55.2628 100
4000 17.246067 55.216 100
5000 17.290512 55.3835 100
6000 17.257181 55.2718 100
7000 17.265764 55.2966 100
