0.010000 0.121793 24.6769 100
0.020000 0.239706 24.6225 100
0.030000 0.362664 25.2165 100
0.040000 0.474895 25.1088 100
0.050000 0.578350 24.817 100
0.060000 0.706058 25.5913 100
0.070000 0.825059 25.9975 100
0.080000 0.940780 26.2881 100
0.090000 1.042452 26.2409 100
0.100000 1.149104 26.3856 100
0.200000 2.220271 28.824 100
0.300000 3.187528 30.7733 100
0.400000 4.060314 32.4362 100
0.500000 4.900542 34.2293 100
0.600000 5.539819 35.0271 100
0.700000 6.220678 36.3767 100
0.800000 6.822370 37.4627 100
0.900000 7.274526 37.9478 100
1.000000 7.881958 39.3468 100
1.100000 8.408259 40.4386 100
2.000000 11.010715 43.9608 100
3.000000 12.415138 45.4585 100
4.000000 13.153829 45.9689 100
5.000000 13.741912 46.6869 100
6.000000 14.081848 46.9164 100
7.000000 14.348871 47.1035 100
8.000000 14.559444 47.2752 100
9.000000 14.672902 47.24 100
10.000000 14.799652 47.2989 100
20.000000 15.460545 47.8775 100
30.000000 15.678501 48.073 100
40.000000 15.769524 48.1101 100
50.000000 15.790382 48.0034 100
60.000000 15.898385 48.2277 100
70.000000 15.900214 48.1459 100
80.000000 15.964778 48.2832 100
90.000000 15.929880 48.1199 100
100.000000 15.960096 48.1803 100
1000.000000 16.167287 48.5042 100
2000.000000 16.162181 48.4681 100
3000.000000 16.060911 48.1555 100
4000.000000 16.103561 48.2772 100
5000.000000 16.147549 48.4127 100
6000.000000 16.172909 48.504 100
7000.000000 16.149002 48.4139 100
8000.000000 16.090145 48.2274 100
9000.000000 16.102948 48.2707 100
10000.000000 16.107842 48.2822 100
